227 1000.0
541 10.0
251 10.0
338 9.21643573817487
856 9.065449481664862
1316 8.341759352881699
921 7.00401899890391
618 6.7758007117437735
1657 6.7758007117437735
443 5.925465838509317
1386 4.515050167224081
1283 4.515050167224081
0 4.515050167224081
2372 4.515050167224081
1125 4.501365554911859
137 4.179236912156168
1949 3.888198757763976
1812 3.8214031157723247
646 3.5929373117985213
397 3.408841797588601
1123 3.209109730848862
2265 3.209109730848862
425 3.077990228602449
1306 3.0304020921869896
2181 2.8928940420158415
1414 2.8695652173913047
1375 2.8695652173913047
1118 2.8695652173913047
840 2.8695652173913047
271 2.724046140195209
2408 2.724046140195209
1541 2.678571428571429
2271 2.59175607001694
1405 2.59175607001694
44 2.59175607001694
1647 2.470969484201999
2231 2.470969484201999
1453 2.414431082331175
535 2.3602484472049694
542 2.3602484472049694
497 2.258385093167702
2245 2.258385093167702
657 2.258385093167702
1365 2.077294685990339
63 1.9964507542147296
2492 1.9964507542147296
431 1.9395017793594307
276 1.9211822660098528
2370 1.9211822660098528
130 1.850931677018634
1480 1.8173730184406338
2647 1.7852133840913649
323 1.7852133840913649
1025 1.7852133840913649
1369 1.7852133840913649
967 1.7539189588879032
2088 1.6657255787690575
784 1.6657255787690575
77 1.6657255787690575
580 1.6657255787690575
861 1.6657255787690575
1950 1.6657255787690575
1921 1.6112531969309465
523 1.6112531969309465
194 1.6112531969309465
911 1.60364768683274
543 1.511387163561077
2309 1.511387163561077
2401 1.511387163561077
2519 1.511387163561077
1571 1.487262605264085
678 1.465502769850596
2579 1.465502769850596
1095 1.4220333442301405
1066 1.4220333442301405
367 1.4220333442301405
1821 1.3807931199235552
1436 1.3807931199235552
2280 1.3807931199235552
1638 1.3807931199235552
1147 1.3807931199235552
2248 1.3807931199235552
1345 1.3807931199235552
2471 1.3807931199235552
996 1.3416149068322984
1084 1.304432222581689
274 1.3043478260869568
127 1.3043478260869568
2059 1.3043478260869568
2038 1.3043478260869568
1716 1.2688553682342505
1326 1.2350137223746933
1017 1.2350137223746933
1897 1.202710333145116
1078 1.1718426501035197
2267 1.1718426501035197
2402 1.1718426501035197
507 1.1718426501035197
791 1.1423170402376455
2556 1.1423170402376455
42 1.1140478393022335
2225 1.1140478393022335
2532 1.1140478393022335
1474 1.0869565217391304
1641 1.0869565217391304
1832 1.0869565217391304
2551 1.0869565217391304
7 1.0360248447204972
729 1.0360248447204972
1102 1.0120569967117286
1470 1.0120569967117286
1046 0.9890109890109889
963 0.9890109890109889
2263 0.9668346419782026
1959 0.9454796411318152
2140 0.9454796411318152
1165 0.9249011857707512
795 0.8859104282445245
1434 0.8674234311415724
2407 0.8495631119065167
1940 0.8495631119065167
235 0.8155992261480501
1319 0.7994389901823283
1648 0.7994389901823283
540 0.7539417104634497
2435 0.7396950875211746
321 0.7258737369055345
2264 0.7258737369055345
1098 0.6994328922495275
2451 0.6867790594498671
146 0.6867790594498671
1524 0.6744816726445632
105 0.6508976431549391
2414 0.6395836830619441
1828 0.6178489702517163
1346 0.6178489702517163
179 0.5972288580984234
1555 0.5682079595123074
2250 0.5590062111801243
2495 0.5590062111801243
1578 0.5500261917234155
1731 0.5500261917234155
2476 0.500383836973969
1756 0.4852911064091189
1829 0.47799081825546863
1886 0.47799081825546863
1929 0.47439986570421355
1002 0.4638562177877627
949 0.4638562177877627
1085 0.4570120954560315
1661 0.4570120954560315
1444 0.4503105590062112
676 0.43101825710521363
1937 0.4248447204968945
2466 0.4013377926421405
2484 0.4013377926421405
2172 0.3795721187025536
2089 0.36928289102202155
1314 0.3405440137074321
2534 0.3187721369539551
1852 0.28744763830709236
968 0.13704032337572714
1094 0.06110594211280711
928 0.016042120850643743
1618 0.0
600 0.0
